20372419.6268 6475577.41639 60740013 0
20372416.1603 6475575.41763 60741117 4.00145990023
20372411.7059 6475571.84359 60742291 9.71243062983
20372407.7749 6475567.61724 60743777 15.48434297
20372404.0383 6475562.52519 60745590 21.8002877326
20372399.9731 6475554.88346 60747108 30.4560268167
20372398.3669 6475550.48811 60748261 35.1356828647
20372396.4087 6475544.08666 60749683 41.8299404538
20372394.5216 6475537.16906 60750922 49.0003276975
20372392.3503 6475528.53185 60751429 57.9062551781
20372391.2356 6475524.12948 60752361 62.4475544868
20372389.4762 6475517.89882 60753028 68.9218779531
20372387.7529 6475512.42383 60753642 74.6616637194
20372386.268 6475507.43601 60754060 79.8658388935
20372384.2287 6475501.06506 60754371 86.5551895891
20372383.1251 6475497.90628 60754753 89.9012245832
20372381.5802 6475493.7798 60754884 94.3074106613
20372380.0411 6475489.83036 60754675 98.5461598202
20372378.4252 6475486.04392 60754541 102.662957455
20372376.6718 6475482.1672 60754187 106.917774556
20372374.7422 6475478.45447 60753626 111.102002772
20372372.6742 6475475.16757 60753109 114.985367407
20372370.094 6475471.6175 60753003 119.373988892
20372367.5668 6475468.25186 60752915 123.582877515
20372364.8922 6475464.49865 60753202 128.191541211
20372362.5166 6475460.75469 60753892 132.625598224
20372360.2524 6475456.47432 60754267 137.467941088
20372358.3218 6475452.19205 60754805 142.165269791
20372356.4474 6475447.65604 60756044 147.073287135
20372354.7071 6475443.46123 60756469 151.614794073
20372352.7597 6475439.02123 60756994 156.463089549
20372350.8073 6475434.78759 60757850 161.125228855
20372348.8045 6475430.80639 60758542 165.581806794
20372346.6344 6475426.54192 60758767 170.366662472
20372344.5885 6475422.13298 60758410 175.227176287
20372342.7444 6475417.98836 60757817 179.76356112
20372340.8028 6475413.54817 60756880 184.609688453
20372338.8848 6475409.29447 60755561 189.275784676
20372336.8981 6475404.72422 60754097 194.259203217
20372335.01 6475400.31017 60752652 199.060095231
20372333.1564 6475396.05439 60750988 203.702031692
20372331.2469 6475391.51953 60749290 208.622518373
20372329.419 6475387.51483 60748008 213.024668515
20372327.3274 6475383.14528 60746938 217.868997955
20372325.3209 6475379.22997 60746154 222.268523892
20372323.0744 6475374.95796 60745345 227.095190001
20372321.0633 6475371.0807 60745271 231.463017671
20372318.8433 6475366.72423 60745583 236.352491935
20372316.9068 6475362.62051 60745821 240.890194035
20372314.822 6475358.27861 60746291 245.706679375
20372312.9362 6475354.1164 60747212 250.276154063
20372310.9558 6475349.74325 60747929 255.076839693
20372309.0022 6475345.65792 60748692 259.605219811
20372307.0739 6475341.62862 60749567 264.072166523
20372304.9688 6475337.20266 60750111 268.973245753
20372302.9421 6475332.84885 60750404 273.775648851
20372301.0868 6475328.72355 60750435 278.298949418
20372299.2391 6475324.83209 60750137 282.606803088
20372297.1511 6475320.57389 60749800 287.34936311
20372295.2648 6475316.75725 60749147 291.606697213
20372293.0365 6475312.50472 60748500 296.407678116
20372291.0419 6475308.59796 60748586 300.794167121
20372288.7449 6475304.21614 60748813 305.741522935
20372286.3919 6475299.91082 60749630 310.647895924
20372283.9872 6475295.45782 60749567 315.708692527
20372281.6967 6475291.81369 60749976 320.012931679
20372278.2361 6475288.92648 60750007 324.519730368
20372189.107 6475330.43463 60754570 0
20372190.0977 6475334.61583 60754068 4.29695268303
20372192.3923 6475338.38127 60754582 8.70645907306
20372195.213 6475341.40065 60756336 12.8384507129
20372197.9563 6475343.65678 60755832 16.3903104678
20372200.0915 6475345.39986 60755692 19.1466723128
20372202.0584 6475347.18631 60756512 21.8037049254
20372203.081 6475348.3859 60758305 23.3800348515
20372203.7312 6475350.19616 60756998 25.3035037529
20372203.7467 6475352.8396 60757718 27.9469873367
20372203.6623 6475356.72911 60757813 31.8374236264
20372203.9003 6475361.89669 60754174 37.0104815251
20372205.0253 6475366.97082 60752845 42.2078314058
20372207.7399 6475372.85272 60752594 48.6859388848
20372210.1928 6475376.62307 60749943 53.1839163973
20372213.352 6475380.50981 60747716 58.1926489377
20372216.1623 6475383.3891 60747903 62.216099561
20372218.6617 6475386.25062 60747020 66.0154822591
20372220.4153 6475389.04383 60745006 69.3135244952
20372221.5761 6475391.97668 60745263 72.4677591938
20372222.5231 6475396.0757 60745527 76.6747433494
20372222.9395 6475399.34148 60744003 79.9669511807
20372223.5047 6475403.94779 60745126 84.6078240918
20372224.3215 6475409.08766 60747007 89.8121909315
20372225.6853 6475414.48175 60748027 95.3759973341
20372228.1422 6475420.72649 60749912 102.086700634
20372230.3073 6475424.83278 60751878 106.728802373
20372233.2172 6475429.15789 60753344 111.941679357
20372236.2093 6475432.76918 60754517 116.63147844
20372238.8926 6475436.06391 60755756 120.880590092
20372241.012 6475439.12504 60757423 124.603806952
20372242.8832 6475442.8396 60757987 128.7630896
20372243.9363 6475445.8785 60758570 131.979265082
20372245.2482 6475450.04035 60758040 136.343021191
20372246.8715 6475454.59338 60757740 141.176769078
20372248.9337 6475459.31942 60756613 146.333129199
20372251.1908 6475464.09598 60755204 151.616098394
20372254.1165 6475469.81167 60754025 158.037070344
20372256.0983 6475473.32535 60753456 162.07112976
20372258.5301 6475477.71281 60751819 167.087422898
20372260.7011 6475482.00507 60751023 171.897503075
20372262.6964 6475486.29412 60749746 176.627940796
20372264.4962 6475490.51483 60749090 181.216382509
20372266.7612 6475495.89751 60748374 187.056187028
20372268.3293 6475499.29421 60748451 190.797405135
20372270.6928 6475503.5624 60749058 195.676265365
20372272.9036 6475507.63824 60748167 200.313103201
20372275.023 6475511.78394 60748086 204.969137263
20372277.0744 6475515.81814 60748338 209.49495064
20372279.2615 6475520.42868 60747157 214.597965526
20372280.8772 6475523.66445 60746783 218.214652555
20372282.6765 6475527.51177 60746658 222.461971886
20372284.2174 6475531.32959 60746005 226.578990809
20372285.3425 6475535.32922 60744192 230.733858863
20372286.2037 6475539.49568 60743362 234.988404539
20372287.5379 6475544.70348 60743315 240.364385476
20372288.8134 6475548.46415 60740918 244.335462296
20372290.7666 6475553.08228 60739565 249.349653473
20372293.1972 6475557.61804 60738989 254.495628932
20372295.932 6475561.60333 60738185 259.329006936
20372298.6887 6475565.36275 60737552 263.990845456
20372301.347 6475569.51772 60736237 268.923427663
20372303.0268 6475572.38804 60736077 272.249172383
20372304.9969 6475575.90213 60735336 276.277806303
20372307.0383 6475579.4518 60734869 280.372643785
20372309.0201 6475582.96551 60734516 284.406678615
20372310.8152 6475586.68258 60733094 288.534508321
20372312.4935 6475590.58957 60732212 292.786729873
20372314.5071 6475595.44763 60732174 298.045573665
20372315.8597 6475598.87921 60731164 301.734099592
20372317.4467 6475603.04108 60730725 306.188298341
20372319.1675 6475607.53524 60729547 311.000627263
20372320.9079 6475611.73003 60728959 315.542112209
20372235.7566 6475659.58228 60720482 0
20372233.1051 6475657.08015 60719710 3.64569433215
20372230.5338 6475653.6224 60720130 7.95470544711
20372227.904 6475648.90588 60720809 13.3548004814
20372226.1633 6475645.24394 60721135 17.4094083774
20372224.1098 6475640.60234 60722270 22.4849769882
20372221.8913 6475635.74986 60722832 27.8205323734
20372219.691 6475631.09409 60723797 32.9700832076
20372217.2601 6475625.65106 60725328 38.9312652181
20372215.2604 6475621.58733 60726373 43.4603357839
20372212.9886 6475616.89598 60727828 48.6728057227
20372210.9969 6475612.35494 60729132 53.6314516327
20372209.2444 6475608.15055 60730235 58.1864574527
20372207.4391 6475603.76284 60731553 62.9310316281
20372205.5213 6475598.61191 60732743 68.4274243433
20372204.2228 6475595.04708 60733832 72.2213710126
20372202.8168 6475591.0566 60735313 76.4522893911
20372201.5369 6475586.80008 60736313 80.8970812428
20372200.3138 6475582.85048 60737949 85.031742623
20372198.955 6475578.69127 60739460 89.4072707021
20372197.6563 6475574.39746 60740702 93.8931848594
20372196.5884 6475570.90094 60741353 97.5491530197
20372195.5127 6475567.52617 60742084 101.09120896
20372194.1974 6475564.34532 60743044 104.533263527
20372192.4401 6475561.25351 60743983 108.089610614
20372190.5792 6475558.39915 60744073 111.497009756
20372188.3666 6475555.17276 60744995 115.4091757
20372185.7459 6475551.27747 60745324 120.104016605
20372183.7812 6475548.47329 60745364 123.52795462
20372181.4841 6475544.98883 60745772 127.701451515
20372179.141 6475541.16812 60746412 132.183424416
20372177.004 6475537.56588 60747319 136.371837991
20372174.769 6475533.64915 60748061 140.881393394
20372172.303 6475529.29184 60749615 145.888110291
20372170.1206 6475525.3734 60750945 150.373305352
20372167.8968 6475521.26013 60752662 155.049253266
20372165.7958 6475516.96453 60753769 159.831121573
20372163.7817 6475512.63935 60754901 164.602259905
20372161.627 6475508.13149 60756276 169.598623433
20372159.4612 6475502.92287 60757576 175.239570781
20372157.7944 6475499.01555 60757727 179.487552788
20372155.8106 6475494.36169 60757941 184.546599396
20372153.818 6475489.97898 60757298 189.361011939
20372151.9461 6475485.52769 60756568 194.18986151
20372150.0675 6475481.04764 60755094 199.047857646
20372148.0058 6475476.34058 60754443 204.186625832
20372146.414 6475472.5802 60752044 208.270043194
20372144.6584 6475468.46176 60750153 212.747079925
20372142.9197 6475464.14549 60751436 217.400385108
20372141.0581 6475460.01043 60747214 221.935166787
20372139.2952 6475456.03156 60745760 226.287066422
20372137.1175 6475451.35614 60744896 231.444802825
20372135.476 6475447.69101 60744919 235.460705963
20372133.7743 6475442.88866 60745257 240.555665046
20372132.2166 6475438.55759 60745678 245.158329264
20372130.4334 6475433.95295 60747132 250.096190279
20372128.5038 6475429.70864 60748172 254.758532126
20372126.5157 6475424.92452 60749203 259.93930715
20372125.0477 6475421.55248 60751006 263.617024557
20372122.9263 6475417.52953 60752562 268.16507168
20372120.7711 6475413.73173 60754099 272.531762534
20372118.4024 6475409.67001 60755713 277.233695004
20372116.05 6475405.74709 60757064 281.80789435
20372113.2747 6475401.06324 60756318 287.252247813
20372111.1328 6475397.13459 60757148 291.72681965
20372108.8284 6475392.52795 60754743 296.877690938
20372108.3457 6475386.86339 60754277 302.562783039
