20372419.6268 6475577.41639 -36.491364 0
20372416.1603 6475575.41763 -31.4614420098 4.00145990023
20372411.7059 6475571.84359 -28.8300445561 9.71243062983
20372407.7749 6475567.61724 -25.6466513758 15.48434297
20372404.0383 6475562.52519 -17.3409013292 21.8002877326
20372399.9731 6475554.88346 1.20389653574 30.4560268167
20372398.3669 6475550.48811 3.49142373258 35.1356828647
20372396.4087 6475544.08666 4.13484575639 41.8299404538
20372394.5216 6475537.16906 5.06092550573 49.0003276975
20372392.3503 6475528.53185 6.05216628131 57.9062551781
20372391.2356 6475524.12948 9.62328796806 62.4475544868
20372389.4762 6475517.89882 12.720803615 68.9218779531
20372387.7529 6475512.42383 11.2077647328 74.6616637194
20372386.268 6475507.43601 14.9252771812 79.8658388935
20372384.2287 6475501.06506 14.2193415889 86.5551895891
20372383.1251 6475497.90628 13.0668828628 89.9012245832
20372381.5802 6475493.7798 11.6473830135 94.3074106613
20372380.0411 6475489.83036 12.9741168041 98.5461598202
20372378.4252 6475486.04392 10.343892374 102.662957455
20372376.6718 6475482.1672 9.28332241692 106.917774556
20372374.7422 6475478.45447 2.69358223634 111.102002772
20372372.6742 6475475.16757 1.87379292887 114.985367407
20372370.094 6475471.6175 0.144227839128 119.373988892
20372367.5668 6475468.25186 -6.71817490599 123.582877515
20372364.8922 6475464.49865 -1.71248308851 128.191541211
20372362.5166 6475460.75469 -1.72300113767 132.625598224
20372360.2524 6475456.47432 3.11009747229 137.467941088
20372358.3218 6475452.19205 2.11206548341 142.165269791
20372356.4474 6475447.65604 13.5201402446 147.073287135
20372354.7071 6475443.46123 13.9133354346 151.614794073
20372352.7597 6475439.02123 15.6380035663 156.463089549
20372350.8073 6475434.78759 21.3692441799 161.125228855
20372348.8045 6475430.80639 27.7434867164 165.581806794
20372346.6344 6475426.54192 27.7069523133 170.366662472
20372344.5885 6475422.13298 30.2353302986 175.227176287
20372342.7444 6475417.98836 28.1307362441 179.76356112
20372340.8028 6475413.54817 23.6027024325 184.609688453
20372338.8848 6475409.29447 18.9200197284 189.275784676
20372336.8981 6475404.72422 15.6571657458 194.259203217
20372335.01 6475400.31017 5.91347537886 199.060095231
20372333.1564 6475396.05439 -1.71496898727 203.702031692
20372331.2469 6475391.51953 -5.158134147 208.622518373
20372329.419 6475387.51483 -8.93177586429 213.024668515
20372327.3274 6475383.14528 -18.2248648398 217.868997955
20372325.3209 6475379.22997 -17.2551783819 222.268523892
20372323.0744 6475374.95796 -19.7590336042 227.095190001
20372321.0633 6475371.0807 -17.965453707 231.463017671
20372318.8433 6475366.72423 -17.6978318726 236.352491935
20372316.9068 6475362.62051 -16.4835801383 240.890194035
20372314.822 6475358.27861 -10.7744614356 245.706679375
20372312.9362 6475354.1164 -4.28872377242 250.276154063
20372310.9558 6475349.74325 -3.28020214447 255.076839693
20372309.0022 6475345.65792 2.49745726762 259.605219811
20372307.0739 6475341.62862 8.69768319455 264.072166523
20372304.9688 6475337.20266 13.7379652362 268.973245753
20372302.9421 6475332.84885 12.8034556013 273.775648851
20372301.0868 6475328.72355 12.8444571916 278.298949418
20372299.2391 6475324.83209 11.2357880566 282.606803088
20372297.1511 6475320.57389 3.33753148269 287.34936311
20372295.2648 6475316.75725 1.77442398518 291.606697213
20372293.0365 6475312.50472 -4.82951048954 296.407678116
20372291.0419 6475308.59796 -1.56786388147 300.794167121
20372288.7449 6475304.21614 -1.59134086429 305.741522935
20372286.3919 6475299.91082 4.25178689929 310.647895924
20372283.9872 6475295.45782 4.61554310859 315.708692527
20372281.6967 6475291.81369 5.70015840496 320.012931679
20372278.2361 6475288.92648 13.278636 324.519730368
20372189.107 6475330.43463 33.186636 0
20372190.0977 6475334.61583 15.9722195337 4.29695268303
20372192.3923 6475338.38127 18.1685278872 8.70645907306
20372195.213 6475341.40065 32.0136671665 12.8384507129
20372197.9563 6475343.65678 29.4882854489 16.3903104678
20372200.0915 6475345.39986 30.3594368719 19.1466723128
20372202.0584 6475347.18631 35.3481584853 21.8037049254
20372203.081 6475348.3859 45.323629342 23.3800348515
20372203.7312 6475350.19616 37.2653217138 25.3035037529
20372203.7467 6475352.8396 45.3823359241 27.9469873367
20372203.6623 6475356.72911 36.6585588558 31.8374236264
20372203.9003 6475361.89669 19.6056097298 37.0104815251
20372205.0253 6475366.97082 11.622087827 42.2078314058
20372207.7399 6475372.85272 8.94716449902 48.6859388848
20372210.1928 6475376.62307 -4.19081684361 53.1839163973
20372213.352 6475380.50981 -14.7573419119 58.1926489377
20372216.1623 6475383.3891 -13.6405152741 62.216099561
20372218.6617 6475386.25062 -13.2011605635 66.0154822591
20372220.4153 6475389.04383 -23.4876813628 69.3135244952
20372221.5761 6475391.97668 -24.9259337628 72.4677591938
20372222.5231 6475396.0757 -22.7001188514 76.6747433494
20372222.9395 6475399.34148 -27.165170753 79.9669511807
20372223.5047 6475403.94779 -22.9345830261 84.6078240918
20372224.3215 6475409.08766 -14.9546006957 89.8121909315
20372225.6853 6475414.48175 -8.17335213397 95.3759973341
20372228.1422 6475420.72649 -5.89485707984 102.086700634
20372230.3073 6475424.83278 3.89216293166 106.728802373
20372233.2172 6475429.15789 11.7339457476 111.941679357
20372236.2093 6475432.76918 16.3482606476 116.63147844
20372238.8926 6475436.06391 21.8144531786 120.880590092
20372241.012 6475439.12504 32.3019098037 124.603806952
20372242.8832 6475442.8396 32.0287838321 128.7630896
20372243.9363 6475445.8785 35.5460340461 131.979265082
20372245.2482 6475450.04035 34.292376168 136.343021191
20372246.8715 6475454.59338 30.2728327391 141.176769078
20372248.9337 6475459.31942 23.3407601795 146.333129199
20372251.1908 6475464.09598 18.8296134694 151.616098394
20372254.1165 6475469.81167 12.0097393639 158.037070344
20372256.0983 6475473.32535 8.24104737106 162.07112976
20372258.5301 6475477.71281 -1.11304205252 167.087422898
20372260.7011 6475482.00507 -0.558627509983 171.897503075
20372262.6964 6475486.29412 -7.97586596377 176.627940796
20372264.4962 6475490.51483 -6.52645212064 181.216382509
20372266.7612 6475495.89751 -8.17158906466 187.056187028
20372268.3293 6475499.29421 -3.88597142829 190.797405135
20372270.6928 6475503.5624 3.9026239903 195.676265365
20372272.9036 6475507.63824 1.79418208063 200.313103201
20372275.023 6475511.78394 5.98802356297 204.969137263
20372277.0744 6475515.81814 9.3386383154 209.49495064
20372279.2615 6475520.42868 5.8800339165 214.597965526
20372280.8772 6475523.66445 4.18847273459 218.214652555
20372282.6765 6475527.51177 6.6472922213 222.461971886
20372284.2174 6475531.32959 9.6785055299 226.578990809
20372285.3425 6475535.32922 0.949663645476 230.733858863
20372286.2037 6475539.49568 -3.46677299742 234.988404539
20372287.5379 6475544.70348 0.730358088011 240.364385476
20372288.8134 6475548.46415 -11.9795361888 244.335462296
20372290.7666 6475553.08228 -15.8978761451 249.349653473
20372293.1972 6475557.61804 -16.004048437 254.495628932
20372295.932 6475561.60333 -13.0058746016 259.329006936
20372298.6887 6475565.36275 -15.4842783717 263.990845456
20372301.347 6475569.51772 -17.7624980439 268.923427663
20372303.0268 6475572.38804 -16.2664841217 272.249172383
20372304.9969 6475575.90213 -18.39286448 276.277806303
20372307.0383 6475579.4518 -20.3246403097 280.372643785
20372309.0201 6475582.96551 -18.6440835458 284.406678615
20372310.8152 6475586.68258 -20.49465765 288.534508321
20372312.4935 6475590.58957 -56.263659486 292.786729873
20372314.5071 6475595.44763 -55.1129174516 298.045573665
20372315.8597 6475598.87921 -58.340440534 301.734099592
20372317.4467 6475603.04108 -61.6161957725 306.188298341
20372319.1675 6475607.53524 -65.8031835362 311.000627263
20372320.9079 6475611.73003 -96.215364 315.542112209
20372235.7566 6475659.58228 -136.031364 0
20372233.1051 6475657.08015 -93.8725750292 3.64569433215
20372230.5338 6475653.6224 -90.5883558665 7.95470544711
20372227.904 6475648.90588 -94.0151187656 13.3548004814
20372226.1633 6475645.24394 -90.9246966158 17.4094083774
20372224.1098 6475640.60234 -88.0065024795 22.4849769882
20372221.8913 6475635.74986 -91.759411623 27.8205323734
20372219.691 6475631.09409 -41.9228578686 32.9700832076
20372217.2601 6475625.65106 -34.8034839956 38.9312652181
20372215.2604 6475621.58733 -33.2950196076 43.4603357839
20372212.9886 6475616.89598 -32.8336354604 48.6728057227
20372210.9969 6475612.35494 -26.5174435901 53.6314516327
20372209.2444 6475608.15055 -19.6828252106 58.1864574527
20372207.4391 6475603.76284 -20.6590481388 62.9310316281
20372205.5213 6475598.61191 -21.0840987207 68.4274243433
20372204.2228 6475595.04708 -19.2245515631 72.2213710126
20372202.8168 6475591.0566 -13.7168900385 76.4522893911
20372201.5369 6475586.80008 -12.4249254822 80.8970812428
20372200.3138 6475582.85048 -10.3948509687 85.031742623
20372198.955 6475578.69127 -3.22552063065 89.4072707021
20372197.6563 6475574.39746 -1.43685597035 93.8931848594
20372196.5884 6475570.90094 0.961532087334 97.5491530197
20372195.5127 6475567.52617 2.56991956447 101.09120896
20372194.1974 6475564.34532 4.80777480342 104.533263527
20372192.4401 6475561.25351 1.60361821148 108.089610614
20372190.5792 6475558.39915 2.85725658803 111.497009756
20372188.3666 6475555.17276 -1.74709129829 115.4091757
20372185.7459 6475551.27747 -0.922750444539 120.104016605
20372183.7812 6475548.47329 -4.24617065878 123.52795462
20372181.4841 6475544.98883 -9.17985063834 127.701451515
20372179.141 6475541.16812 -7.89365046644 132.183424416
20372177.004 6475537.56588 -6.30265081101 136.371837991
20372174.769 6475533.64915 -3.93538348768 140.881393394
20372172.303 6475529.29184 -3.40073412863 145.888110291
20372170.1206 6475525.3734 0.210255900512 150.373305352
20372167.8968 6475521.26013 10.6687337909 155.049253266
20372165.7958 6475516.96453 14.0243122102 159.831121573
20372163.7817 6475512.63935 17.2262400752 164.602259905
20372161.627 6475508.13149 27.2100535871 169.598623433
20372159.4612 6475502.92287 32.6306436675 175.239570781
20372157.7944 6475499.01555 31.2016033577 179.487552788
20372155.8106 6475494.36169 33.1249531566 184.546599396
20372153.818 6475489.97898 32.778378467 189.361011939
20372151.9461 6475485.52769 25.8180403161 194.18986151
20372150.0675 6475481.04764 24.4810839283 199.047857646
20372148.0058 6475476.34058 21.2400358836 204.186625832
20372146.414 6475472.5802 11.6163656437 208.270043194
20372144.6584 6475468.46176 0.301402899671 212.747079925
20372142.9197 6475464.14549 4.80580335187 217.400385108
20372141.0581 6475460.01043 -15.3618158605 221.935166787
20372139.2952 6475456.03156 -26.8901042701 226.287066422
20372137.1175 6475451.35614 -31.1882904706 231.444802825
20372135.476 6475447.69101 -29.5684962676 235.460705963
20372133.7743 6475442.88866 -27.7200505719 240.555665046
20372132.2166 6475438.55759 -26.328275776 245.158329264
20372130.4334 6475433.95295 -13.6610628985 250.096190279
20372128.5038 6475429.70864 -7.83286651813 254.758532126
20372126.5157 6475424.92452 -2.39515069873 259.93930715
20372125.0477 6475421.55248 6.87890474289 263.617024557
20372122.9263 6475417.52953 11.4051314331 268.16507168
20372120.7711 6475413.73173 24.128492916 272.531762534
20372118.4024 6475409.67001 26.8931372415 277.233695004
20372116.05 6475405.74709 46.9141391917 281.80789435
20372113.2747 6475401.06324 38.6328204178 287.252247813
20372111.1328 6475397.13459 40.960521999 291.72681965
20372108.8284 6475392.52795 22.4257364709 296.877690938
20372108.3457 6475386.86339 33.186636 302.562783039
